version https://git-lfs.github.com/spec/v1
oid sha256:2de7b77958fd35a221f9dba17968c8cb2240ea1e53aa44e2caa4111408e8406f
size 15949
