version https://git-lfs.github.com/spec/v1
oid sha256:5b74ba9b68286268ab75c01b6582c38a12b7ca37e22eed0b0a3f94ba8e0fee2b
size 11763
