version https://git-lfs.github.com/spec/v1
oid sha256:8999214ec7b6b01632988ee826286051180a178d127da4224f7b2a1123697c98
size 2545
