version https://git-lfs.github.com/spec/v1
oid sha256:57a8b568b877eb18b975287f98015a9dec50dc80ad720fc778e56031ca2bb194
size 9849
