version https://git-lfs.github.com/spec/v1
oid sha256:6b1b192d0bd941d70d7ffd29a3dd9b12535258f58b387fc0d468dd9f5e7f69de
size 13861
