version https://git-lfs.github.com/spec/v1
oid sha256:5ed2edf0591ff569abdc86126fe34637c4d533e65eb15ca71a668196f8c2192a
size 13252
