version https://git-lfs.github.com/spec/v1
oid sha256:063e01e1def61e62f5542c47cb76fa87bcbfe159a96720e4fb30c56b084c9d68
size 7265
