version https://git-lfs.github.com/spec/v1
oid sha256:29581eed9a42318cccee37a8fd6189d2e9616f99a04169cadbe8e309ed617a8b
size 5692
