version https://git-lfs.github.com/spec/v1
oid sha256:5ab6bc60675d367c8b55bf7105fd21fdb8b5c3b875f1903b0b96c1ebe71ade63
size 11455
