version https://git-lfs.github.com/spec/v1
oid sha256:c4d8cf313378aab0e92fe8edb3beda51afee8f0c76dfb4c96e304f69e5e81140
size 1263
