version https://git-lfs.github.com/spec/v1
oid sha256:47fad6cb67a87682395c622213bf455514779a1da89be0780295ef1eb7defb87
size 4015
