version https://git-lfs.github.com/spec/v1
oid sha256:2a0b3896bf27930ab0fd8ed5e821e8e231e893b8eb47207eba60fb90c90e7752
size 14983
