version https://git-lfs.github.com/spec/v1
oid sha256:da78968455a16ff841af289724be9c593b7de32761102ff7a492cf1bc268148d
size 12379
