version https://git-lfs.github.com/spec/v1
oid sha256:fc066e28be5d14d84df38e45411a6a4e402ff8ae680797c3ddffec0e3d1695de
size 3653
