version https://git-lfs.github.com/spec/v1
oid sha256:372bd4908713ea0554e54e051e8299cfc7c5fffc9b3ab222782ddad10524d9c9
size 5849
