version https://git-lfs.github.com/spec/v1
oid sha256:3bd06bd81c0f95b499a97549fdff92f26b453398f2269bb6188baa507e3ae781
size 10882
